277
255
254
231
232
233
210
211
212
189
188
187
186
209
208
185
162
163
140
139
141
118
95
117
116
93
94
71
70
47
48
49
72
73
74
51
50
28
29
52
53
31
32
33
11
34
35
13
12
14
15
16
40
41
42
19
43
20
21
45
44
67
68
69
92
91
113
112
111
134
135
136
158
159
137
160
161
138
115
114
90
89
88
87
86
63
62
64
65
66
110
109
108
131
132
133
155
156
178
154
153
152
151
128
130
129
105
106
84
85
83
82
60
61
38
37
36
59
58
57
56
55
54
78
77
76
75
98
97
96
119
120
121
144
143
142
164
165
166
167
168
145
169
170
171
172
173
150
149
148
147
146
122
124
123
99
100
101
102
103
126
125
127
104
81
80
79
30
8
7
6
4
5
27
26
25
1
24
3
2
9
10
39
17
18
22
23
46
107
157
180
179
203
202
201
177
176
175
174
196
197
221
198
199
200
222
223
246
247
248
249
227
226
225
224
245
244
243
220
219
218
241
240
239
238
237
236
213
214
215
216
217
195
194
193
192
191
190
235
234
256
257
280
279
278
302
301
300
324
325
303
304
305
328
327
326
350
349
348
347
346
323
371
370
393
394
395
372
373
374
375
397
398
399
400
401
402
425
426
427
428
429
406
407
408
431
432
433
434
435
436
437
414
413
389
412
411
388
410
387
409
386
363
364
365
341
340
339
338
337
336
313
312
311
310
309
332
331
308
330
307
306
284
283
261
260
259
258
282
281
285
286
263
262
264
265
242
266
267
268
269
292
293
315
316
317
318
296
295
294
314
291
290
289
288
287
334
335
358
357
356
333
355
354
353
352
351
329
376
377
378
379
380
381
404
403
405
382
384
383
360
361
362
385
359
430
455
454
477
476
453
452
451
450
473
472
471
448
447
446
468
445
444
467
443
442
441
419
418
396
421
420
422
423
424
449
474
497
498
499
500
501
502
503
526
504
528
529
506
505
481
480
479
457
456
458
459
482
483
460
391
390
367
368
366
342
343
319
320
344
345
322
321
298
297
273
274
275
276
299
252
253
230
229
206
207
184
183
182
181
204
205
228
251
250
272
271
270
475
478
523
524
525
549
527
550
551
575
552
574
573
572
571
570
547
548
546
545
568
569
567
566
565
564
563
562
539
538
537
513
536
560
559
561
540
541
518
519
496
495
494
493
516
492
514
515
517
542
543
544
521
522
520
470
469
491
490
466
465
464
463
462
461
484
485
486
487
511
510
509
508
507
530
531
532
533
556
555
554
553
557
534
535
558
512
489
488
440
439
438
415
416
417
392
369
