422
421
420
419
418
417
416
415
410
409
408
407
414
406
352
357
351
353
356
355
354
350
349
348
347
346
345
343
342
344
341
338
339
337
336
335
334
333
340
331
332
330
319
316
313
329
328
327
326
368
373
371
372
370
369
240
236
237
239
238
294
295
297
298
306
307
310
312
311
315
318
322
323
325
324
321
320
309
299
300
301
308
314
317
303
304
305
302
296
293
276
277
278
279
280
281
290
282
292
291
289
283
284
285
286
287
288
227
225
226
258
259
257
256
260
261
262
263
265
269
272
275
274
273
271
270
268
267
266
264
202
255
254
253
196
195
183
221
213
179
211
212
210
209
162
166
161
208
157
158
159
160
163
164
165
172
174
178
181
182
180
177
189
176
175
173
169
170
171
135
136
186
184
185
141
140
145
144
143
139
138
147
187
188
193
194
198
191
200
201
199
197
192
190
149
150
151
152
153
155
154
148
146
18
11
12
10
17
9
7
6
5
4
8
13
14
3
2
1
16
30
51
69
70
71
54
55
52
58
59
72
73
64
65
85
84
86
83
76
75
74
68
67
66
63
62
61
60
57
56
53
31
32
34
36
43
44
45
42
47
48
50
49
46
103
41
40
118
39
38
35
33
15
20
26
37
128
127
28
29
27
21
19
22
23
24
25
142
137
129
130
131
124
123
120
132
133
134
168
167
126
125
122
121
119
104
105
106
107
108
109
110
111
99
112
113
116
117
115
114
100
101
102
156
95
96
97
98
88
94
93
92
87
89
91
90
81
82
206
207
214
223
224
222
220
219
218
215
205
80
79
78
77
203
204
216
217
228
229
232
235
233
230
231
234
241
242
243
248
250
249
244
247
245
246
251
390
391
392
393
394
397
398
396
395
252
386
385
387
388
389
399
400
401
384
380
378
377
382
383
381
379
376
375
367
366
374
365
364
363
362
361
358
359
360
402
403
404
425
426
428
431
430
429
427
424
423
405
413
412
411
