162
166
179
181
183
195
196
182
180
178
174
172
165
164
169
163
170
173
176
177
189
175
171
135
136
134
168
167
125
122
124
126
133
132
184
186
185
141
140
145
144
143
139
138
137
142
25
147
187
188
193
194
198
191
200
202
201
199
197
192
190
149
150
151
152
153
155
154
148
146
24
23
22
21
19
11
18
17
10
9
7
6
8
4
5
1
2
3
16
14
13
12
15
30
51
69
70
71
54
55
58
59
72
73
64
65
85
84
89
91
88
94
93
92
87
86
83
90
81
82
80
79
78
77
76
75
74
68
67
66
63
62
61
60
57
52
31
32
34
53
56
43
36
35
33
20
26
27
28
29
127
128
129
131
130
37
38
40
103
46
49
99
100
95
96
98
97
50
48
47
45
44
42
41
106
108
110
109
111
107
105
104
118
39
123
120
121
119
112
113
116
117
115
114
101
102
156
157
158
159
160
161
